    height          e         M-        Mx-         M+        Mx+          Q          M        Mac         Mx 
4.0000e+04 1.5200e+02 9.4308e+05 6.5166e+08 1.1499e+02 6.5260e+08 9.4445e+06 8.2130e+22 0.0000e+00 0.0000e+00 
4.1000e+04 1.8150e+02 9.7863e+05 6.3795e+08 1.3731e+02 6.3892e+08 9.8015e+06 7.1380e+22 0.0000e+00 0.0000e+00 
4.2000e+04 2.1680e+02 1.0182e+06 6.2429e+08 1.6402e+02 6.2531e+08 1.0199e+07 6.2180e+22 0.0000e+00 0.0000e+00 
4.3000e+04 2.5880e+02 1.0613e+06 6.1061e+08 1.9580e+02 6.1167e+08 1.0632e+07 5.4300e+22 0.0000e+00 0.0000e+00 
4.4000e+04 3.0910e+02 1.1097e+06 5.9740e+08 2.3386e+02 5.9851e+08 1.1118e+07 4.7540e+22 0.0000e+00 0.0000e+00 
4.5000e+04 3.6900e+02 1.1626e+06 5.8450e+08 2.7918e+02 5.8566e+08 1.1650e+07 4.1730e+22 0.0000e+00 0.0000e+00 
4.6000e+04 4.4070e+02 1.2213e+06 5.7207e+08 3.3343e+02 5.7329e+08 1.2240e+07 3.6710e+22 0.0000e+00 0.0000e+00 
4.7000e+04 5.2620e+02 1.2857e+06 5.6008e+08 3.9813e+02 5.6136e+08 1.2887e+07 3.2370e+22 0.0000e+00 0.0000e+00 
4.8000e+04 6.2830e+02 1.3557e+06 5.4833e+08 4.7539e+02 5.4969e+08 1.3591e+07 2.8590e+22 0.0000e+00 0.0000e+00 
4.9000e+04 7.5020e+02 1.4310e+06 5.3665e+08 5.6764e+02 5.3808e+08 1.4350e+07 2.5280e+22 0.0000e+00 0.0000e+00 
5.0000e+04 8.9580e+02 1.5117e+06 5.2494e+08 6.7783e+02 5.2645e+08 1.5163e+07 2.2370e+22 0.0000e+00 0.0000e+00 
5.1000e+04 1.0700e+03 1.5995e+06 5.1358e+08 8.0967e+02 5.1518e+08 1.6048e+07 1.9820e+22 0.0000e+00 0.0000e+00 
5.2000e+04 1.2770e+03 1.6899e+06 5.0145e+08 9.6636e+02 5.0314e+08 1.6960e+07 1.7550e+22 0.0000e+00 0.0000e+00 
5.3000e+04 1.5250e+03 1.7876e+06 4.8958e+08 1.1541e+03 4.9137e+08 1.7946e+07 1.5550e+22 0.0000e+00 0.0000e+00 
5.4000e+04 1.8210e+03 1.8897e+06 4.7730e+08 1.3782e+03 4.7919e+08 1.8978e+07 1.3770e+22 0.0000e+00 0.0000e+00 
5.5000e+04 2.1740e+03 1.9948e+06 4.6440e+08 1.6455e+03 4.6639e+08 2.0043e+07 1.2180e+22 0.0000e+00 0.0000e+00 
5.6000e+04 2.5960e+03 2.1056e+06 4.5141e+08 1.9652e+03 4.5351e+08 2.1165e+07 1.0770e+22 0.0000e+00 0.0000e+00 
5.7000e+04 3.1000e+03 2.2184e+06 4.3772e+08 2.3470e+03 4.3994e+08 2.2311e+07 9.5060e+21 0.0000e+00 0.0000e+00 
5.8000e+04 3.7020e+03 2.3350e+06 4.2378e+08 2.8032e+03 4.2611e+08 2.3497e+07 8.3820e+21 0.0000e+00 0.0000e+00 
5.9000e+04 4.4200e+03 2.4531e+06 4.0935e+08 3.3476e+03 4.1180e+08 2.4702e+07 7.3790e+21 0.0000e+00 0.0000e+00 
6.0000e+04 5.2780e+03 2.5735e+06 3.9463e+08 3.9985e+03 3.9720e+08 2.5935e+07 6.4860e+21 0.0000e+00 0.0000e+00 
6.1000e+04 6.2500e+03 2.6724e+06 3.7800e+08 4.7364e+03 3.8068e+08 2.6955e+07 5.6910e+21 0.0000e+00 0.0000e+00 
6.2000e+04 6.9190e+03 2.5896e+06 3.4930e+08 5.2451e+03 3.5189e+08 2.6137e+07 4.9830e+21 0.0000e+00 0.0000e+00 
6.3000e+04 7.6560e+03 2.5040e+06 3.2204e+08 5.8061e+03 3.2455e+08 2.5292e+07 4.3560e+21 0.0000e+00 0.0000e+00 
6.4000e+04 8.7740e+03 2.5014e+06 3.0132e+08 6.6575e+03 3.0383e+08 2.5292e+07 3.7990e+21 0.0000e+00 0.0000e+00 
6.5000e+04 1.5170e+04 3.7566e+06 3.4495e+08 1.1528e+04 3.4871e+08 3.8135e+07 3.3080e+21 0.0000e+00 0.0000e+00 
6.6000e+04 2.5440e+04 5.4566e+06 3.8771e+08 1.9373e+04 3.9317e+08 5.5682e+07 2.8740e+21 0.0000e+00 0.0000e+00 
6.7000e+04 4.4810e+04 8.2974e+06 4.4501e+08 3.4242e+04 4.5332e+08 8.5336e+07 2.4920e+21 0.0000e+00 0.0000e+00 
6.8000e+04 7.8030e+04 1.2430e+07 5.0598e+08 5.9935e+04 5.1843e+08 1.2923e+08 2.1560e+21 0.0000e+00 0.0000e+00 
6.9000e+04 1.3570e+05 1.8533e+07 5.7278e+08 1.0505e+05 5.9134e+08 1.9563e+08 1.8620e+21 0.0000e+00 0.0000e+00 
7.0000e+04 2.2430e+05 2.6178e+07 6.2999e+08 1.7555e+05 6.5622e+08 2.8183e+08 1.6050e+21 0.0000e+00 0.0000e+00 
7.1000e+04 3.0960e+05 3.0860e+07 6.3273e+08 2.4523e+05 6.6366e+08 3.3854e+08 1.3800e+21 0.0000e+00 0.0000e+00 
7.2000e+04 4.4240e+05 3.7568e+07 6.4484e+08 3.5651e+05 6.8250e+08 4.2302e+08 1.1860e+21 0.0000e+00 0.0000e+00 
7.3000e+04 6.3280e+05 5.5541e+06 2.3351e+08 7.0472e+04 2.3962e+08 7.1757e+07 1.0180e+21 3.2510e+13 0.0000e+00 
7.4000e+04 9.0530e+05 2.8868e+06 1.5631e+08 5.2557e+04 1.6005e+08 4.5971e+07 8.7450e+20 7.1080e+13 0.0000e+00 
7.5000e+04 1.2870e+06 1.4499e+06 1.0268e+08 4.3508e+04 1.0537e+08 3.2733e+07 7.5220e+20 1.5340e+14 0.0000e+00 
7.6000e+04 1.7530e+06 6.9882e+05 6.5825e+07 3.9453e+04 6.8238e+07 2.5543e+07 6.4730e+20 3.2490e+14 0.0000e+00 
7.7000e+04 2.5290e+06 3.6304e+05 4.3421e+07 4.4282e+04 4.6269e+07 2.4669e+07 5.5700e+20 6.7130e+14 0.0000e+00 
7.8000e+04 3.5670e+06 1.8937e+05 2.8227e+07 5.3612e+04 3.1929e+07 2.5685e+07 4.7900e+20 1.3450e+15 0.0000e+00 
7.9000e+04 5.2970e+06 1.0720e+05 1.8428e+07 7.6960e+04 2.3756e+07 3.1668e+07 4.1140e+20 2.6050e+15 0.0000e+00 
8.0000e+04 7.6660e+06 6.1237e+04 1.1309e+07 1.1825e+05 1.8918e+07 4.1731e+07 3.5280e+20 4.8550e+15 0.0000e+00 
8.1000e+04 1.0500e+07 3.4350e+04 6.1857e+06 1.9142e+05 1.6529e+07 5.7832e+07 3.0200e+20 8.6880e+15 0.0000e+00 
8.2000e+04 1.4830e+07 2.0646e+04 2.9787e+06 3.8963e+05 1.7440e+07 1.0056e+08 2.5790e+20 1.4890e+16 0.0000e+00 
8.3000e+04 2.1040e+07 1.2951e+04 1.2717e+06 9.3303e+05 2.1392e+07 2.0526e+08 2.1970e+20 2.4440e+16 0.0000e+00 
8.4000e+04 2.9320e+07 8.3059e+03 5.1859e+05 2.3162e+06 2.7531e+07 4.3353e+08 1.8670e+20 3.8350e+16 0.0000e+00 
8.5000e+04 4.2930e+07 5.8147e+03 2.1285e+05 6.3180e+06 3.6831e+07 1.0047e+09 1.5820e+20 5.7590e+16 0.0000e+00 
8.6000e+04 5.9920e+07 4.0264e+03 8.9514e+04 1.5084e+07 4.4930e+07 2.0355e+09 1.3360e+20 8.2790e+16 0.0000e+00 
8.7000e+04 8.8960e+07 3.0755e+03 3.8832e+04 3.6737e+07 5.2265e+07 4.2201e+09 1.1250e+20 1.1410e+17 0.0000e+00 
8.8000e+04 1.2370e+08 2.2836e+03 1.7433e+04 7.1824e+07 5.1896e+07 7.0722e+09 9.4540e+19 1.5090e+17 0.0000e+00 
8.9000e+04 1.7510e+08 1.7830e+03 8.0577e+03 1.2892e+08 4.6185e+07 1.1066e+10 7.9200e+19 1.9200e+17 0.0000e+00 
9.0000e+04 2.4890e+08 1.4436e+03 3.8370e+03 2.1164e+08 3.7264e+07 1.6398e+10 6.6200e+19 2.3550e+17 0.0000e+00 
